Age: 17
CMPG: 20
CMake: Chevy
CModel: Vega
CTank: 11
CYear: 1971
Fuel: 0.0
Home: (40.32486017994435,-74.24347435732415)
Last Trip: 1985-11-6
Money: 0
Name: X
