Age: 19
CMPG: 20
CMake: Chevy
CModel: Vega
CTank: 11
CYear: 1971
Fuel: 1.6144999999999998
Home: (40.32486017994435,-74.24347435732415)
Last Trip: 1985-11-2
Money: 106.49999999999989
Name: X
