Age: 19
CMPG: 20
CMake: Chevy
CModel: Vega
CTank: 11
CYear: 1971
Fuel: 5.277500000000002
Home: (40.32486017994435,-74.24347435732415)
Last Trip: '1985-11-25'
Money: 1353.8
Name: X
